100
63
-70 -99 37 96 78 97 -93 43 -11 57 -65 -3 -29 95 32 -84 -83 -21 1 12 -99 -48 -20 -75 -28 58 80 65 -84 39 26 -73 -48 -57 70 -89 -12 0 45 -60 8 -42 -9 -40 45 28 77 -68 -29 -92 67 -97 -35 -6 -24 39 31 59 -77 -93 -81 27 -98
71
60 47 8 53 67 -85 -92 -89 -68 34 82 -45 -92 -66 -50 -78 34 -85 -14 77 -63 -30 -33 83 53 -11 69 -90 34 -89 21 -31 47 88 48 -71 55 -63 44 -49 16 84 76 -13 -3 56 47 -4 94 -49 -38 -77 -42 -87 62 1 -52 -81 64 54 -6 -54 8 40 11 -14 -5 -88 -15 50 -63
47
-66 91 -31 -52 83 86 17 -94 -19 24 -33 84 -4 -45 72 -65 -29 53 31 3 -4 -70 42 6 -51 -20 26 -5 -19 49 80 -22 3 24 -7 96 2 -91 -63 -41 -56 3 -91 -29 68 33 54
28
-63 -81 -39 -88 -41 48 89 0 -90 -71 -15 52 -58 22 51 -83 -71 29 -38 46 -78 99 63 -1 99 -76 71 39
47
71 -56 62 89 70 85 3 -71 -63 -66 50 16 56 94 -94 -80 -75 -1 9 -98 -76 -82 2 -26 28 -8 -15 -58 -37 -90 -32 -6 -59 94 54 -35 20 -9 51 0 -64 68 -82 14 40 98 13
53
-56 -42 75 93 -30 -43 36 92 77 -10 56 -6 -40 -19 -85 19 30 -50 -87 -6 35 33 -43 -96 28 31 81 -81 33 -20 -85 -75 68 22 -88 -95 18 -89 48 17 -79 -45 -31 99 12 -46 -39 45 -5 43 87 69 65
40
-67 -39 -47 37 25 -26 45 -33 -51 -25 -29 -99 -10 64 10 21 16 -3 39 61 -3 72 -48 25 16 71 35 62 73 79 -76 91 -60 -50 92 -83 67 -26 -16 -32
66
-8 35 -3 10 97 -23 -29 78 44 6 -3 -62 18 -20 -27 -75 -71 67 37 -27 -39 -24 -23 -45 -8 -73 -40 53 61 -60 -43 -79 -29 82 -86 67 -88 30 47 13 -55 -39 -11 33 -16 -4 99 -69 17 -86 23 13 91 -2 -31 23 40 47 -61 -83 -89 86 -79 -11 -25 28
33
10 20 -65 -87 -13 49 90 41 12 -81 13 40 98 74 62 59 -25 14 89 -60 43 -6 -56 7 58 33 70 -41 -72 -18 -93 2 -27
77
-84 -18 -67 87 37 21 -82 90 55 68 -22 -70 -11 -59 -43 -38 89 -46 8 -50 12 -25 -30 -54 -77 -1 22 -79 -71 -38 -31 8 -6 93 -2 -62 80 39 -69 -48 -87 9 88 -38 -92 -83 80 -88 31 71 -58 -70 38 55 83 -18 40 -76 38 16 47 -37 62 1 54 -100 -31 -10 -91 14 -70 -60 -40 39 -18 -95 60
83
-45 85 -26 -1 -7 98 3 -29 28 -37 36 85 95 -47 -24 41 -30 85 -94 -46 70 99 17 92 41 3 -44 6 74 58 12 -68 81 -62 -19 -26 31 97 42 -25 -77 -3 67 -96 70 -21 -58 98 -91 -93 -17 -11 -19 -34 2 -55 7 72 -41 98 61 74 88 -7 -25 -4 -73 -65 -44 93 -60 35 -29 57 -61 13 54 50 79 49 -56 -35 -71
48
-87 -90 -72 -62 45 59 -74 -60 -61 90 -84 39 -74 78 -67 -3 4 -71 -56 51 29 -57 37 92 -47 -17 -51 -47 39 98 -56 79 0 -100 4 90 89 96 78 -17 66 30 -90 -3 -88 -95 -85 -9
19
43 34 25 -66 -81 -26 -76 82 13 -74 -25 -43 -10 -12 -29 27 -94 40 41
59
-63 -97 51 -35 -97 33 45 37 12 -72 63 -5 -93 59 9 -30 13 51 -46 -5 46 66 56 -55 -85 23 58 8 -82 -58 58 -82 91 -68 -63 -31 -59 73 80 -41 70 -17 -32 96 53 4 28 24 -59 18 -13 26 69 99 10 13 61 36 -45
2
97 -34
92
-24 82 20 0 -65 45 9 53 -85 -63 -88 76 5 36 -4 -4 -48 -56 -93 58 56 98 -98 -37 -100 -2 -70 85 87 83 -31 -49 -94 -57 -61 -59 -49 26 60 -33 74 -79 47 92 51 -71 -31 -54 88 -58 20 24 -21 -44 -17 26 -6 -16 32 -23 5 45 23 57 -17 -10 -27 42 -9 -14 -53 70 -9 -55 7 35 -58 68 57 55 1 78 -10 -84 8 40 32 57 35 -46 -6 68
64
-27 10 78 -12 -95 65 -84 44 83 -72 12 -43 -99 47 -66 -80 33 14 42 12 92 -63 -49 37 63 -58 88 0 25 19 91 56 18 -71 -7 -69 -70 -13 36 11 -28 46 38 59 -91 73 -26 -20 72 32 30 -67 51 -49 73 58 -9 9 53 -30 0 -76 -72 -7
83
66 -78 -76 31 13 95 -15 2 15 91 89 -72 12 -39 -97 57 75 85 -61 33 81 -95 -39 64 48 80 -95 29 -54 39 32 35 44 9 -46 70 34 -3 -21 -37 -97 92 -70 -46 -31 -29 -22 -97 75 -79 -37 61 -69 -7 88 29 -50 53 -92 46 -90 -21 30 -15 22 -14 26 -9 -45 90 -100 -1 -25 -66 17 -55 -66 57 -30 32 32 -68 27
17
66 72 25 -99 55 -74 65 -75 -89 -70 -42 82 55 -11 15 94 -100
75
-61 -64 -13 72 86 -44 -58 60 -85 -6 11 55 -52 -76 54 -41 75 58 76 85 98 43 -63 26 -6 63 -82 78 -11 -17 26 17 19 -35 30 -61 -44 -93 18 -56 58 -61 -16 12 7 40 -13 -55 -87 98 -6 -24 65 -81 56 54 -11 -76 59 -100 -20 -7 58 -99 70 84 -12 56 29 -85 -25 93 -55 -66 -45
68
-74 -100 -15 -100 -72 40 -7 -90 -4 -50 33 85 -84 87 -16 35 18 77 96 78 63 -26 -83 -38 81 40 69 19 -32 33 29 39 46 -49 -28 -51 95 -50 70 21 75 -56 9 -20 79 -12 -48 -88 -1 -19 -28 48 65 99 39 0 -32 -92 -35 -53 55 -12 71 -14 -32 -1 67 99
12
28 -33 -91 29 72 51 -31 36 83 19 4 -4
25
35 72 -67 -60 -76 -77 22 86 25 68 20 -45 -40 -74 65 37 -42 18 -18 -95 -19 -50 54 28 44
79
12 -53 67 -21 10 19 -7 -29 98 33 -80 13 -44 -88 27 93 71 -86 27 26 71 76 -40 -14 2 22 92 -42 -36 -68 32 -5 -21 56 61 -35 74 69 78 -36 34 -44 43 69 18 -88 44 -64 -98 -32 -31 62 55 14 93 90 -43 57 -93 50 45 -5 45 42 35 10 -57 -39 34 75 2 -50 9 2 42 -44 3 -84 -7
63
91 74 -39 96 29 14 -78 17 39 -51 -99 -11 41 57 26 48 39 48 -55 -38 51 -20 33 -47 -98 -12 0 -91 77 88 -100 -22 52 -87 -87 -9 -93 20 -54 64 -85 -48 94 -58 -59 49 -56 -8 79 34 42 62 15 38 -77 -79 34 82 -62 91 -25 -59 23
5
-47 39 47 38 -9
4
-83 -38 -20 66
34
-82 -84 -69 -100 -56 9 89 83 39 -64 24 -82 38 89 89 57 66 62 -23 -4 52 42 42 -64 50 -78 -30 62 -25 38 -34 -68 7 -89
76
-58 31 -51 -14 32 62 -28 -16 96 -32 -5 38 46 -60 -70 60 1 -47 -4 -40 54 -43 -71 40 -38 91 -82 -89 1 -5 -13 -60 62 -13 -30 -45 -68 94 84 -63 -6 69 -91 95 92 43 -36 74 96 -65 18 46 40 19 -86 42 -61 -22 86 -75 -37 95 -75 -9 85 78 33 12 49 -3 24 -97 -81 -18 -46 6
15
32 15 -5 -59 -80 -13 -85 57 -44 -95 -99 -57 96 24 16
80
16 -20 11 72 -53 86 -24 26 -21 67 -82 -89 42 -22 39 92 -44 42 89 -88 -96 63 37 -79 -30 23 49 98 -29 -21 -66 91 -14 -23 -46 81 -30 45 -41 -58 99 78 81 91 -19 -38 -48 -54 -55 -43 -77 -10 -12 -21 13 -31 -89 -24 82 91 8 -33 56 -23 18 83 -30 -52 -41 51 -96 45 -30 81 19 -39 -70 28 -8 11
36
11 28 82 -96 22 -39 16 -37 7 39 31 84 92 -81 20 -42 -26 27 15 -1 4 28 -90 77 85 83 -20 99 98 18 75 -7 78 51 97 -64
29
87 24 -39 33 13 -2 -14 -15 -26 -99 -62 71 -99 50 -87 -17 -1 42 7 78 69 68 -44 -61 -26 2 26 -13 67
9
-84 -29 -83 76 -91 -54 -30 38 31
41
37 -19 -37 95 -67 -76 69 -44 31 84 54 10 -69 85 44 -97 -38 -60 -9 31 20 -77 59 0 -12 56 39 -25 11 -28 51 -13 -40 -58 -31 -39 -59 84 -96 64 49
44
33 -71 -20 -86 -27 -100 27 30 41 -60 -15 -67 58 10 -82 -35 -44 21 -68 -34 -79 -62 65 -27 -94 -84 -18 64 -41 49 -45 86 -42 62 -22 -20 -58 76 81 1 -54 -42 -92 17
68
-3 -20 -96 5 -25 -16 -8 -40 40 -88 -5 61 76 42 16 -66 27 86 -65 -12 53 -90 -92 -65 -91 96 95 -41 -54 -100 18 53 44 62 -7 79 -27 76 -34 -97 57 -33 76 -78 -82 -73 -87 -5 48 -68 96 -31 85 -86 -22 -8 54 -35 68 -90 -40 -56 81 93 86 93 -48 31
25
13 -44 -11 83 18 -27 9 -1 47 21 86 4 74 -29 -43 54 61 33 7 -57 -18 -9 66 -44 -73
33
-61 60 99 68 -60 -7 5 -49 -56 -64 -80 -34 -9 -79 59 -32 15 52 -64 77 1 -15 -43 42 -79 4 -93 51 79 23 20 -53 -97
21
89 -39 -90 -67 -3 -25 48 29 39 25 11 42 49 33 -62 83 71 16 90 -43 -63
57
-11 37 63 17 19 -35 66 28 0 -34 87 -28 -47 -76 -77 -92 62 78 -29 67 92 51 46 0 -99 -13 1 73 -100 86 -73 -5 85 -72 43 -75 33 -93 -69 -50 82 51 -89 27 -11 -78 -39 -72 74 -48 -58 -3 47 28 -61 50 54
75
-52 15 -1 -63 26 79 11 93 -43 86 32 -7 -74 30 50 -24 2 -93 34 0 -19 82 67 -54 -84 72 -12 77 24 -69 -92 57 -48 56 -7 43 54 17 -29 7 3 -61 -18 -58 -59 52 -76 -39 -16 -44 17 7 -71 -93 16 -34 -22 -20 12 -67 25 67 -67 1 37 -49 13 36 66 43 40 -18 -14 76 -99
89
-34 -51 97 -14 11 -20 81 87 45 -72 -87 26 -45 -74 -47 -4 15 -87 28 -51 57 -26 92 -96 11 74 -72 -94 50 39 19 77 9 47 44 96 -94 -84 58 20 -44 -75 77 28 -96 -85 -61 -77 -52 67 85 75 2 22 1 -88 77 -56 -51 10 -61 -3 -60 -43 12 48 88 67 1 -50 -32 74 35 62 -12 58 20 81 -2 -9 91 -59 94 -99 49 80 83 -53 -89
36
-57 -50 -64 96 59 -85 42 -94 -97 -56 -7 -40 78 23 -7 24 57 -62 -96 19 98 16 43 90 37 66 17 -63 -73 -46 -1 58 -39 -46 -92 -98
38
51 83 -32 52 70 70 45 53 -98 -41 34 -38 -45 11 -67 -47 -95 15 83 56 -52 -70 -93 -48 -34 56 -71 60 80 -44 72 70 -49 18 -89 -49 -85 -38
77
99 -76 10 -68 -69 -25 -27 66 2 20 -22 0 -7 -87 -43 -2 -86 -81 -11 53 26 40 0 -2 90 76 89 -11 70 74 62 48 79 -69 16 87 -87 9 66 2 -28 -84 5 -61 -87 -32 48 -47 53 28 70 94 -54 40 -22 -27 -73 96 -24 -35 -75 -25 -22 20 -55 -10 26 27 1 -3 -54 0 -60 -21 -84 2 -31
86
-36 -82 -23 -79 42 -67 69 -4 -89 -45 -90 90 -73 15 -41 -20 -76 60 -24 62 65 -51 70 99 -19 -10 -44 -87 -93 91 -44 -63 -70 -48 -76 -58 -49 18 65 54 -24 -22 -51 -65 -31 36 -88 -78 78 39 37 57 -23 65 4 -22 -25 -57 65 -5 -89 43 46 -10 90 69 -61 -52 -8 78 8 44 31 -33 54 87 -21 -17 22 97 -9 -33 -17 23 -76 94
72
-61 31 -58 83 -55 -30 21 -71 83 72 56 -49 27 -47 13 88 -59 -73 -81 77 -46 -79 -55 5 57 25 76 -39 52 10 91 -33 77 -60 -2 85 87 -6 54 -73 -43 -34 84 -56 -14 75 55 -99 -68 3 -70 22 -70 -40 -100 33 -79 92 24 77 57 59 3 82 99 -4 32 -83 -3 17 22 17
34
92 -7 34 3 -40 -51 -16 74 -73 -69 40 -49 -13 11 19 -43 -51 -28 59 32 72 25 -6 -58 -93 56 -51 40 -42 -92 10 61 83 -29
69
4 -9 18 62 -41 39 34 89 5 -41 3 39 94 -87 -63 83 -44 -38 -72 77 -100 42 -79 44 85 -72 -16 40 -73 -20 14 -22 -82 87 46 -87 -79 95 -37 -10 -78 53 -31 -15 -23 -40 -63 95 29 -57 -80 -55 -83 32 83 58 77 33 51 -36 -96 -25 22 30 35 93 94 7 42
44
86 60 -9 46 -73 -98 60 70 43 51 43 -63 -40 -83 -71 9 -89 57 -52 75 -79 47 -78 85 2 -76 -100 21 -6 -28 96 59 -22 54 26 -75 -82 -29 -21 -41 33 -49 37 15
33
-52 56 40 80 -11 -36 24 -48 -40 -41 -82 -65 -34 78 88 -56 -4 -82 -74 -13 -29 9 -42 -7 -6 87 4 -77 -67 59 -3 -29 95
28
-31 44 74 30 21 17 51 -54 46 85 20 5 -48 45 -98 -22 15 49 -33 -53 -64 58 52 -91 28 29 -89 90
24
47 31 41 21 41 4 49 16 54 31 -71 -13 58 -22 23 -82 -32 -57 -24 58 70 -85 3 -78
38
-34 -41 24 73 -64 -46 34 51 66 -32 -98 73 66 -53 -46 51 -66 80 -37 55 -59 -9 -67 -28 5 6 -27 -3 42 -6 48 -57 -26 38 36 12 -95 -31
42
-82 -72 7 28 -9 2 -24 80 -80 -26 -30 -80 -50 59 -74 96 18 0 -74 -78 -70 -99 -8 -82 18 99 -70 -27 92 -95 -13 20 -86 36 -14 -89 44 -76 -62 -53 11 -5
53
0 -75 -69 86 -100 72 -47 64 -48 26 15 -96 79 31 81 -24 53 -68 -10 78 69 -40 68 -66 48 -96 -25 28 1 78 -6 -9 -35 48 26 11 -93 -4 35 -51 10 -58 -26 96 -84 3 60 40 57 56 -69 -46 -4
66
29 -12 -82 38 34 -1 48 -85 87 52 13 61 92 -65 49 -41 -98 -58 -54 -37 -33 96 -74 34 78 -71 -74 -63 60 -11 -77 -76 14 23 20 -42 -77 -11 87 -33 16 58 62 29 -67 -96 -75 -48 91 -44 69 1 -14 36 48 96 -25 75 67 -52 -36 93 -34 40 -26 6
4
-74 -33 82 10
25
-69 -9 -14 29 48 -14 -36 -86 -34 52 3 -97 -60 78 76 59 -72 0 32 79 -36 -42 -100 -5 51
92
-57 48 -92 -84 -15 -62 -12 63 -16 39 78 -69 18 54 33 89 17 56 24 -14 -12 -87 29 -82 35 -42 -92 94 49 48 -47 -34 -50 44 85 -84 -70 -92 52 34 -20 86 4 -23 -13 23 39 -18 -61 99 0 65 17 -15 -51 -23 86 -60 -80 7 -10 8 -6 27 -7 48 -71 -49 88 54 12 -44 36 91 -76 -74 88 52 -52 75 -7 49 -35 27 34 -24 82 -15 74 73 -23 -59
1
51
33
-22 -7 -82 20 -19 44 -48 12 70 -89 -20 -52 -2 -87 16 -40 96 96 -51 16 -86 89 8 -21 -52 -66 -28 8 -10 88 -64 -96 -18
77
29 55 -39 -46 -76 69 86 46 37 83 -76 -89 -22 -27 -1 -75 -98 -99 -52 90 17 9 -82 46 76 84 83 89 2 -31 -40 7 39 -20 68 -60 77 -79 -63 86 59 -96 65 -66 -94 3 12 -1 26 -72 86 -60 20 19 -21 81 -93 -7 30 69 45 -64 -33 73 95 -19 -42 -78 88 -42 -73 -49 -55 7 -58 -90 -53
64
91 96 27 -47 -94 93 -2 82 57 -27 -38 95 -30 95 19 -39 -24 -71 91 -54 11 -46 87 -12 -67 48 13 -31 68 6 24 50 48 90 -29 -48 20 -80 -75 94 63 79 87 -62 -87 -55 -45 67 -46 -48 -98 -83 77 16 -81 80 -81 57 1 -88 -24 78 -83 34
51
-30 65 -33 89 19 50 -80 -100 -89 23 -48 -70 10 26 14 38 -51 97 0 56 42 -82 37 90 51 -78 12 -26 -83 99 -90 39 -57 -30 -98 -80 23 97 -33 -90 -44 -77 -35 62 -39 23 1 -10 -79 15 -26
23
91 -47 -5 93 -62 89 -52 -98 74 22 -91 -25 36 90 20 -96 -74 -84 56 -3 -77 -41 -36
23
-32 28 91 -8 -16 -94 -62 40 88 -62 69 96 -53 57 8 -88 -27 -61 -53 18 45 33 81
14
-96 -33 -2 84 43 47 -40 95 -29 -40 27 -3 26 -85
8
84 24 17 43 95 81 0 90
3
54 -5 -5
32
-79 -52 -66 -1 76 -77 13 -19 -78 74 24 -53 86 87 88 41 19 -93 22 58 -41 64 9 -96 -8 -60 11 96 69 80 34 -92
73
-72 70 -48 -16 96 35 28 55 -98 69 98 17 2 22 -61 -1 -23 -36 47 58 -36 -13 30 -23 47 -100 -70 62 17 -50 -78 -74 1 -83 24 54 -52 14 89 41 -65 -21 -18 45 -87 93 -50 -56 -98 69 -50 81 -88 34 68 65 1 -37 -81 -36 -98 76 -94 -32 -60 -76 61 -58 31 72 70 -81 45
55
-31 -32 24 -39 0 9 91 87 16 9 54 -87 83 85 -2 3 -20 -58 -16 1 -67 3 69 -16 53 -17 -2 4 -22 11 79 23 -60 -58 -30 51 87 74 -63 -4 27 -87 -31 -81 -64 -20 -12 83 8 87 -93 -36 -98 -96 5
26
75 -19 -100 -71 24 -40 20 91 -26 -92 -57 -85 -10 -82 38 -86 -28 76 -85 -40 6 40 -48 79 88 29
63
95 -7 74 72 -17 -73 39 -32 -57 -78 74 89 60 -95 5 -6 1 -68 -95 89 -7 35 71 -12 -69 36 -77 -96 16 -9 -55 11 71 58 -79 36 -20 -77 60 -74 -64 27 74 82 82 -26 65 -8 92 47 -58 35 -23 71 -45 -88 -54 -22 14 48 -90 -50 -16
75
-92 -3 69 -32 -6 -16 -26 -92 -7 -11 70 -39 15 20 -41 43 34 38 41 -39 -14 46 -20 -97 -95 22 -85 -36 -54 1 21 97 -15 -72 -76 25 59 14 16 57 37 16 -32 -6 -38 -82 23 -41 -59 4 26 50 -63 -96 78 58 -29 -39 -73 35 47 74 -94 82 -23 -3 91 78 -89 -35 -92 -91 -67 -70 -77
91
64 -43 -53 48 14 99 40 -30 85 -50 -8 57 69 73 -70 75 -14 18 -41 -56 63 92 34 91 44 -23 8 4 64 -22 72 -93 61 -63 -16 45 -8 91 -15 30 -87 -8 65 -14 59 43 -5 4 78 -41 -29 90 52 30 72 -63 -88 14 30 -8 48 59 -40 -99 36 -88 -21 -22 -48 79 14 -12 -63 12 63 -19 -54 39 59 77 36 2 -40 -2 -39 -36 93 -97 45 -50 91
36
35 92 -63 43 -60 -93 -4 -90 22 -8 -11 -55 -66 -40 -45 62 -68 24 83 7 -18 31 -27 12 -92 14 -64 12 -58 86 -91 -40 -21 -80 3 37
43
-6 -62 40 -53 64 -84 -63 -48 93 34 -45 -8 46 -19 -2 85 -93 20 59 65 -83 -41 -75 71 -74 3 -15 70 35 -55 -15 -93 -88 81 20 82 19 45 0 -27 -44 -70 -11
88
-35 11 -80 -32 79 -4 49 -50 -71 -37 31 -8 69 -1 -94 -7 -83 -83 91 -9 -37 8 -59 42 27 78 -95 63 -61 3 70 -51 60 -100 3 95 -78 80 -98 -5 -23 -7 67 74 8 18 83 -46 27 -70 -67 24 8 -94 43 78 44 44 6 12 -72 -22 71 63 67 -83 -37 47 -64 -64 1 7 -71 17 89 32 56 -38 -75 23 25 -36 -5 -62 57 74 91 -81
71
58 64 -23 90 76 -75 -67 -49 54 -60 -70 -31 -35 -93 44 -11 -8 20 79 45 -15 -16 1 84 -37 90 5 66 20 -75 57 31 56 -53 90 40 -31 -13 -16 -90 -98 34 -93 20 91 97 -37 90 95 38 77 -50 -97 75 63 -90 66 -12 19 -53 84 -17 0 -72 -94 94 85 -27 74 75 93
90
-9 -40 -87 42 -40 -70 -45 -85 -89 -50 -34 96 -11 17 75 50 93 -83 53 26 20 -85 52 51 -42 52 60 -29 -1 -46 32 80 -27 60 26 -75 97 74 36 -33 67 -4 -66 4 81 -49 27 59 -78 -85 -75 -34 -69 31 68 37 -90 -82 80 23 10 59 62 -52 -5 -81 -29 -62 62 33 -78 -2 57 48 76 61 -72 -100 -84 -54 47 -73 -51 16 86 6 -54 -23 38 80
68
-2 17 91 94 -35 -23 74 -64 -31 44 -10 -89 -53 88 -42 -100 7 -63 -32 61 -72 94 11 -34 -93 29 -17 53 -41 -80 -33 -96 2 24 59 -12 94 91 -80 31 14 44 78 -31 95 -6 33 31 19 35 77 -34 7 76 2 -98 71 -71 -87 -22 -2 -45 76 48 34 -67 -4 -85
68
-14 13 39 42 63 64 28 72 -2 -51 41 37 -43 -35 -57 67 29 94 65 -61 80 98 -37 86 35 15 -55 -36 48 88 -81 -68 58 51 -89 64 9 68 -64 -30 -46 34 84 86 -18 46 -88 4 -12 -63 28 -66 -81 -98 -20 47 14 47 75 -62 48 -64 -11 -4 46 -48 -44 -58
2
34 -39
35
54 -53 8 86 75 -50 55 -27 62 -76 87 -1 25 59 90 0 -19 20 70 40 90 -2 44 -8 -79 21 -12 87 -55 -57 -48 -83 52 -5 60
86
-27 -96 -87 -33 63 22 -96 4 -57 -4 -11 -34 38 -3 34 89 61 -4 54 -3 -71 26 24 -36 40 47 54 -56 -44 -5 9 -18 20 -71 32 33 93 23 97 -62 -99 1 -89 77 67 -16 -57 -82 -59 72 -73 55 86 -91 87 -99 32 82 -89 23 -60 43 42 38 11 -94 -41 13 -18 57 -74 10 -90 94 -89 44 -8 -18 35 -19 -56 93 9 1 34 -38
45
68 -20 -2 -8 -86 87 -41 -50 -66 -32 -100 12 78 22 52 59 72 45 -59 16 76 85 -6 -73 48 45 -49 21 22 31 13 -52 -70 78 -18 73 -39 31 0 30 92 -60 21 35 -90
36
-46 4 94 82 -86 16 92 -35 -77 28 -93 -16 51 -48 39 -38 -32 93 -37 -88 -100 -26 50 -88 29 9 72 -6 25 99 -99 68 -1 62 9 -42
81
49 77 -83 90 48 8 -5 44 68 -44 -37 36 11 -7 40 76 23 -48 -3 57 -93 45 -100 87 -17 -59 62 -78 86 -82 12 11 35 90 -34 -49 49 14 -73 -82 7 -34 36 16 50 14 -92 -93 -81 -49 1 19 -87 30 -70 -75 -33 20 29 -32 87 -6 51 62 94 -70 -6 69 -20 16 98 -49 -7 -85 3 17 91 -4 99 68 -49
52
-56 -82 -99 -25 -38 26 -27 -26 12 2 -100 -20 -60 -20 -36 18 87 -74 -96 86 -85 84 -54 -9 60 -11 -76 -2 -42 73 24 80 -65 32 26 31 70 29 -81 -32 54 -85 -6 -34 -96 -84 22 32 -77 -49 41 15
67
64 -79 31 -65 -62 -9 82 -61 -16 30 17 5 70 -54 45 84 -93 -76 -31 -73 71 -65 -11 -75 -72 -80 6 37 -50 -78 29 -91 97 -85 29 92 -14 62 11 -77 -62 52 54 85 74 54 65 -30 -26 70 -38 56 -19 27 -9 65 -45 76 -11 -61 -57 -67 22 75 -39 -10 -90
83
-82 15 -78 19 -85 19 36 1 -65 -47 4 17 -92 78 72 -45 -77 -100 84 -57 -95 79 57 -73 -46 -16 48 66 27 88 90 55 14 -8 83 -71 37 63 -76 90 -88 -50 -12 67 97 -46 -44 -58 98 76 70 82 -100 25 -78 -38 20 77 82 23 -87 -72 -21 -20 -25 80 21 52 82 -9 -11 -10 -45 50 -68 -49 9 67 19 87 25 -31 88
32
-48 70 31 -63 -98 -47 -94 58 -79 -35 75 23 46 -45 -1 -16 84 -18 -91 -60 33 -87 48 31 9 83 -86 90 -8 -10 21 55
30
73 -78 57 -74 87 38 87 12 69 44 -95 -48 45 94 16 90 4 63 -55 -33 -90 31 -47 79 18 -68 -64 -38 21 54
82
-31 -60 -95 18 -41 68 5 -94 86 9 37 -65 7 -86 -75 38 59 30 34 -2 -88 78 -86 -3 -79 -24 -43 -92 -47 -27 6 -44 52 -26 58 60 38 15 25 -77 91 48 29 21 -49 47 -46 91 10 86 -9 -50 -98 -16 -90 39 60 -61 -37 -84 -89 -97 -6 29 -79 -31 89 91 1 27 79 10 19 79 -49 4 96 -73 48 -45 -58 -62
66
-86 54 50 -30 37 -4 -57 -67 42 78 -48 -36 -47 93 72 26 -17 54 -37 -77 38 81 -90 94 67 99 80 -23 -47 -6 8 33 4 76 -59 49 -95 -32 10 -50 93 -57 -66 -100 28 98 35 37 -93 9 -63 25 -2 -77 26 16 30 -71 -67 -27 -41 -78 67 93 -36 2
62
78 87 11 -7 -95 25 -36 39 19 48 96 -15 -90 -52 -62 86 93 88 15 -3 48 -78 21 0 -85 41 4 47 -70 60 -84 -52 6 46 -98 82 -95 -57 -15 -36 -20 61 -27 50 73 -35 15 73 -44 94 -78 72 -56 93 93 -20 -19 58 64 4 29 -88
71
-24 -41 -37 8 27 -92 -29 36 32 75 74 -60 94 75 -5 70 -66 64 89 -42 -100 -82 15 25 -55 77 82 6 97 31 58 14 10 -99 -60 -38 66 90 -34 75 25 -100 -78 59 80 -51 -65 15 -35 54 -10 20 -35 -32 -52 77 63 -47 -19 -22 70 72 8 -97 -59 90 -62 -61 -23 37 10
