100
58
92 88 51 -87 21 -58 -43 -99 -11 97 -79 -60 41 32 -86 75 65 73 -52 14 35 42 -39 97 -82 -42 -64 -30 -60 -46 31 -34 -69 -68 -13 52 -91 71 -58 -55 81 2 -89 -6 25 8 67 -89 12 84 -51 33 -39 85 60 -20 30 -82
81
-55 -8 -54 -47 -21 -35 -40 31 76 40 53 -48 -12 62 -21 -38 40 -70 -49 38 -98 -27 -45 90 46 -38 -70 -13 -89 -4 -49 46 84 90 -51 -71 59 -73 69 -66 -46 -1 45 -22 17 24 52 27 30 20 -84 -51 93 91 99 -67 72 99 -67 -21 7 -32 14 -56 -79 -66 -19 -48 -62 91 27 -64 25 41 -96 49 74 -56 -26 13 -54
83
58 91 -12 71 -78 92 -27 73 -20 -37 -79 -13 99 -66 -5 -98 -8 -20 26 -10 -67 67 63 -74 -72 -69 -98 28 -9 -97 -70 47 -2 -29 98 -91 23 58 65 -66 59 93 -49 -72 39 90 5 -68 31 88 -98 -12 -35 -83 77 -64 -97 -93 7 47 68 -17 2 -32 -58 -4 -40 89 24 -92 -74 19 26 86 -51 6 41 41 39 -98 -42 -1 39
5
-83 75 87 70 14
10
-92 80 30 -30 -22 75 61 84 -86 23
22
98 2 -69 50 -82 -46 -52 83 -53 57 91 69 -31 22 26 -90 -64 -9 -61 -35 -28 -55
47
75 -95 55 -65 -35 -8 -26 64 -9 89 69 13 -93 11 -73 70 -79 86 46 57 -33 -52 11 -18 -6 28 11 -68 65 -22 -94 51 55 26 -85 32 61 -42 73 -81 -6 74 99 84 89 60 78
57
21 -91 -75 1 -90 -37 -13 49 54 -61 5 79 27 -51 -15 -98 -5 -76 38 21 -14 -39 -45 -89 -72 73 68 -91 -59 -77 97 -78 -26 67 -99 97 25 35 -27 -63 -68 -22 98 52 -92 96 -57 44 5 -27 79 47 -29 35 86 16 -86
46
42 -36 8 -12 -39 -68 -4 -9 48 -55 -49 1 -35 85 6 79 -96 7 83 -9 7 -13 -57 -85 16 78 -6 21 7 78 52 33 -65 -33 41 -88 35 -83 62 -39 -7 48 -87 60 -43 70
56
31 -100 -61 -21 76 17 -9 -14 -93 11 -53 99 -41 -100 99 -81 -38 -9 -99 -46 -58 -3 83 17 -11 -93 88 60 31 -99 -89 -96 -39 5 -42 -66 -60 -58 -38 -91 38 -24 -46 10 -35 -51 -98 69 -61 -58 43 -24 -67 70 -82 27
67
-55 -4 12 66 21 -60 -3 -53 26 5 -88 70 22 36 -72 73 2 -2 59 0 -8 -84 -71 47 14 91 29 -25 -68 -13 -68 -57 90 71 5 -85 -65 -42 -84 20 -62 38 -77 -30 -85 35 97 78 25 12 22 -53 25 89 88 26 -10 14 -92 -10 -58 87 -85 39 -42 93 4
60
-89 -85 59 -66 -91 61 -52 85 19 -33 -30 -19 -24 -59 26 -28 -96 -73 -100 -27 82 57 -65 95 -8 -15 -9 -29 50 -81 -60 65 -30 -93 13 -44 -89 67 65 -8 -74 -67 -94 94 -95 -82 37 80 -88 -71 -62 -66 75 -23 -57 58 12 -26 71 -37
59
-44 0 -33 54 -65 9 -28 -12 79 14 47 46 25 -70 91 47 -87 24 86 23 82 28 -1 94 77 74 -67 -74 -79 -91 -37 58 5 80 -50 5 44 6 68 15 88 -3 80 -68 40 23 -68 8 -54 68 26 28 -21 23 -59 10 74 -54 75
27
4 37 7 61 38 50 25 -34 88 70 -44 -78 -29 79 -26 96 -23 -19 63 28 -61 55 85 -90 -67 -24 52
29
-60 -30 -64 52 -98 -66 62 41 -1 78 0 -49 -67 -30 83 -27 67 -100 -61 40 -20 -26 -30 -49 73 -33 -39 -85 13
66
90 -21 -73 94 4 -69 80 60 -87 -10 27 99 -40 32 93 -97 7 80 35 41 -94 35 74 -23 69 -49 69 -19 15 -44 -96 7 -72 -32 5 -18 -51 32 -38 95 50 -14 16 68 43 -84 58 24 57 -80 3 -8 76 92 -3 94 6 -7 45 55 81 68 20 -13 -29 -71
88
62 89 -48 -63 -91 3 78 -38 -82 -2 -99 -12 80 -65 13 -24 -1 -56 49 -48 49 -74 86 -20 -21 41 18 91 -63 38 73 21 -46 19 -18 -29 -98 0 -100 68 99 -38 -20 -28 -99 23 -38 86 -32 -57 50 -58 57 -27 92 61 -91 28 -78 -16 -22 83 -42 -89 -7 -54 -96 -38 55 4 56 17 26 14 63 -38 -4 90 -26 81 80 -14 -23 -69 59 -18 -20 -92
62
10 34 26 -30 97 -41 -91 -78 24 -5 -14 -6 -99 92 -47 -11 -12 12 20 22 -23 -82 -78 7 -54 58 40 68 -79 -70 -4 -9 -21 74 11 78 -47 64 63 69 -78 -73 -34 17 46 -41 8 60 -82 -51 -94 3 71 90 -89 -77 3 -84 -47 49 -47 67
61
70 -36 49 7 -59 87 75 -95 16 73 45 80 23 -31 -7 10 -57 -65 18 -4 -20 -2 33 -21 -99 25 25 36 37 -84 29 -98 -5 57 -56 -43 -65 -45 -44 0 81 -25 91 82 99 -91 -84 32 -20 -25 -62 21 -30 70 62 40 -92 62 59 -47 -48
54
-23 59 -36 -8 5 95 -64 78 -67 21 -100 27 93 92 -80 -2 -68 -27 -86 -51 97 -74 29 -22 -2 16 -80 -98 -87 36 -83 -94 55 -89 -76 67 61 -61 -19 76 66 67 -92 85 -24 27 86 -47 -7 56 74 77 37 78
96
65 -96 63 99 -28 38 61 -74 -42 -92 82 1 82 -90 14 -22 -24 2 -14 -7 -47 9 -21 72 -93 58 85 19 7 20 97 -20 -47 41 91 -5 41 -100 -53 81 85 -89 1 61 1 37 -64 -21 -62 19 56 82 -62 8 68 -1 82 -55 -9 -38 27 78 61 -51 -8 -78 6 83 -40 89 28 74 -89 18 56 19 -97 -4 -75 -64 71 -73 18 12 -45 67 10 -53 -10 98 68 35 -49 71 -25 -93
68
-91 -32 -10 32 -16 3 69 -17 4 -47 44 46 84 -5 50 -61 -67 -48 -44 -53 -83 -37 99 -62 97 -3 -48 87 -78 -14 -99 -23 24 36 -2 3 -70 -18 -96 47 -91 -74 54 -81 -65 -17 -77 -58 -47 28 76 -79 69 -75 16 95 36 -5 -88 77 -98 -67 -44 -29 -95 -41 55 44
82
-64 -4 7 81 69 -28 -18 6 -33 -94 99 -25 -67 72 71 -22 10 99 -1 46 -92 -72 -25 -87 -49 -46 -25 -24 -59 -90 -81 -1 -78 -76 85 45 98 7 -26 16 16 -47 42 -27 84 -96 -69 -33 5 66 3 71 -15 22 23 73 -8 -11 -53 18 71 42 -42 -73 51 -27 87 41 -59 -5 -33 15 -7 -77 57 -57 54 57 -75 -14 -28 -2
7
24 -60 -98 30 -32 -10 60
32
-46 91 -42 -64 -2 -80 -19 4 43 9 69 -98 50 19 39 6 61 49 -12 -5 -60 -64 -2 58 -83 -28 -24 10 -87 -40 -60 34
73
-29 66 60 -96 -25 56 61 -31 -27 -57 91 -6 -81 -30 77 85 4 73 14 -11 54 -38 -87 -7 -68 -54 -80 85 41 92 -43 -31 -46 14 -5 -64 3 -51 5 -19 -99 -17 -24 -41 38 -67 67 -66 59 -65 -33 -91 -17 -43 -29 -45 -18 79 61 -100 -56 96 97 39 80 -52 -54 20 -43 50 -39 81 81
30
17 90 84 -66 -4 14 -16 37 79 -47 -97 31 16 95 88 24 17 32 -27 36 -42 -25 85 48 44 51 -71 54 -73 -84
14
53 -63 35 39 43 22 -96 40 -7 98 84 98 -59 86
19
-75 9 85 -81 68 -79 -71 -89 85 -42 89 -32 10 -14 3 82 -67 -6 20
17
43 -54 9 -9 69 74 -46 -26 -28 70 5 -94 -93 52 -64 18 27
22
0 94 -11 47 95 85 -85 -82 56 31 23 -58 -90 -21 -32 99 -23 -47 3 -22 -37 48
90
-45 52 58 -59 81 68 77 61 -50 20 81 26 -70 -16 8 -22 -45 -57 -45 26 11 49 -99 65 15 45 -7 34 26 -64 25 -47 4 94 6 40 -14 65 -6 -70 -46 47 52 -61 94 61 -6 82 31 -67 -64 17 -100 -14 -93 89 32 69 30 46 36 18 -79 -33 -49 69 48 -24 13 -91 76 45 -10 -22 50 12 70 75 -6 8 -18 5 10 60 40 -89 -86 18 5 -78
48
13 -82 34 96 89 -33 42 -78 -91 90 -61 40 80 -45 50 -24 -8 30 -64 51 90 16 -92 -7 83 11 -42 73 -26 77 -6 16 -19 -14 -42 -16 78 -83 -60 39 -31 -25 -95 -81 -51 -81 -90 13
61
-33 -94 93 -88 22 -40 -56 3 -99 -88 23 55 -40 -52 -99 -98 -89 43 -47 -14 44 -80 27 -65 57 -28 27 -80 -54 -18 71 -47 86 45 40 -96 -79 58 -12 -87 76 -26 -4 77 97 78 -75 -68 -1 -57 62 26 -6 21 -80 -98 -57 39 21 -64 6
33
-26 2 -57 77 -7 74 -40 -30 -87 29 -50 56 -88 -53 44 99 -42 -17 36 26 -84 -83 -12 -82 -60 -1 -60 -88 -39 -46 26 87 50
36
44 37 89 -8 27 95 -56 -30 14 52 -37 84 77 25 -21 10 87 35 0 -58 49 33 67 -24 -15 -55 39 -3 -42 83 -80 82 -45 26 44 -70
65
74 -18 38 3 26 -65 -90 62 -6 41 0 96 62 -19 -75 -77 91 -4 -10 13 91 34 50 -39 -37 35 -53 59 -21 -80 -83 75 40 -22 50 42 12 55 -36 -57 -20 56 92 -14 -60 37 -57 72 20 32 -49 62 -32 92 -91 -84 94 -49 -34 10 97 -16 62 86 39
57
45 -77 -33 -56 77 -75 -32 -29 57 38 80 72 -42 -25 48 -93 -86 97 6 -45 20 -8 -42 94 11 -83 -8 -57 90 -29 -79 -53 -29 -92 92 -38 -100 34 -19 35 88 -97 29 79 56 -33 54 -88 20 -95 34 -10 39 76 50 21 74
26
-3 55 43 0 -87 -66 -45 -22 -43 78 14 45 43 -46 66 -81 82 -12 64 26 -82 -55 -39 -35 20 -62
29
-54 -71 44 19 -23 -9 -82 -47 24 38 49 14 77 -92 99 -56 34 -7 -35 41 85 13 63 -75 -54 -53 -51 16 97
80
36 92 -98 1 14 21 72 -36 5 -6 94 -47 33 -65 21 -33 98 -51 -25 -30 -23 76 -45 -74 -4 -10 22 -22 -33 97 -65 -59 80 -55 -29 -28 9 -11 62 -77 -74 -19 -3 -6 52 -78 52 -21 -14 -55 52 95 34 70 -5 -99 95 -79 -6 -59 95 -92 -16 22 -70 79 -34 58 71 -85 61 50 -1 -45 1 -55 25 -72 -70 -26
4
60 -67 -100 -46
6
-20 -64 -92 -100 -34 86
78
-84 40 83 -88 -31 -49 7 -29 -83 -86 98 -94 26 75 54 -92 18 -26 40 -58 -16 93 98 -10 -99 20 -72 -39 -74 -89 -2 -5 18 51 -70 -56 -24 -52 -70 61 51 91 -88 15 -65 -41 -24 16 28 -29 52 -25 -77 65 35 -29 31 69 18 12 -68 -35 -14 4 -47 87 -64 6 -71 -94 -17 -68 -79 93 37 56 -79 28
36
51 17 31 54 -14 99 -19 -90 31 -20 54 -37 67 12 93 88 -32 -63 15 85 38 12 -64 72 62 21 -19 -83 -14 -42 -81 -58 -40 96 25 -94
87
-97 -25 -32 48 81 84 -98 -85 39 73 93 50 30 -44 5 -24 -49 47 -7 -38 -80 -3 97 -78 -99 -41 -46 16 12 -80 -48 -71 66 17 88 -87 -3 -91 -41 68 58 42 30 -80 -7 26 29 -15 -96 -19 77 53 98 -67 54 -92 -55 1 47 -98 -33 -20 93 69 60 -52 84 64 -6 97 -38 28 68 93 83 51 34 -60 -19 -90 5 -18 3 38 -30 89 87
46
40 -62 96 57 -10 -18 -11 36 -32 -9 33 -14 -15 -85 -74 -13 41 -56 59 -84 -67 26 -89 -28 74 68 78 53 50 -91 -82 -51 12 -55 64 -84 -65 -6 -57 -43 35 -14 8 -74 -68 -84
6
45 69 0 10 -75 63
92
98 -7 -87 91 5 -70 -95 66 -91 -1 25 -8 -95 74 94 91 57 -11 73 -57 -77 -78 -68 53 49 43 -65 90 0 20 83 -82 -59 -80 63 -84 -94 85 -5 67 -89 39 -39 -59 66 -34 41 36 11 35 -98 -9 63 41 23 -76 22 54 -8 -12 -98 -96 -61 31 -52 -22 -62 42 -72 85 -86 22 -15 38 43 32 -94 -54 -85 -50 76 -59 -93 -62 14 97 -77 -82 -13 41 -38 73
29
57 75 -67 -10 11 90 -46 42 4 12 33 69 -70 -94 -53 57 -6 70 -16 -71 -96 21 61 20 0 -13 -37 -51 63
59
37 33 86 20 -53 90 50 -21 71 45 11 43 16 -6 -95 77 -61 -58 -29 96 0 23 50 -62 74 76 91 -64 -37 -77 -24 91 94 57 60 25 99 22 -91 23 -56 -7 -37 -50 -41 -52 66 -83 -32 -12 27 -95 83 71 -52 -97 -32 38 70
8
47 27 -11 -27 92 61 -10 -22
28
-8 20 51 11 -24 29 11 -68 -96 -18 -92 34 9 89 -9 -58 -78 49 71 37 -30 11 46 -63 76 -94 73 -31
83
64 -19 22 26 17 -79 -63 66 36 20 -74 -91 -77 -74 -3 -77 47 -64 73 53 90 8 -3 -24 -65 -2 -74 69 78 -55 4 22 -20 -13 -5 32 -87 -4 40 1 44 -97 19 77 -19 -61 -66 -66 -97 28 38 -86 50 -88 46 -67 -81 32 -65 -38 8 76 -94 12 -80 -26 32 -36 -16 83 -76 86 -88 44 58 -10 40 96 27 37 -69 -77 -66
40
66 -14 62 -69 -21 -94 -87 49 -16 7 27 -37 65 97 38 -1 62 88 -50 9 38 25 51 -79 41 -75 92 -50 73 -53 -100 -75 34 56 31 -84 -47 -42 82 80
94
91 46 93 -25 -58 96 77 -13 -51 -11 66 80 10 -41 -24 60 -90 1 -13 -59 -58 19 -54 34 52 26 25 -8 -54 -42 46 -10 62 98 -3 -51 -96 -30 -40 -34 -98 -52 1 94 -66 -96 27 5 -37 -1 -12 50 -77 -16 13 -18 25 98 -56 -84 -64 47 -56 10 77 -66 -49 9 69 6 -95 58 -58 -66 -9 -73 -94 -9 -44 90 21 -45 -58 -67 11 10 -49 89 75 -78 88 -13 -77 37
39
-46 1 -48 -91 18 37 -10 -28 22 -51 9 81 16 -58 -86 79 -78 23 28 63 9 6 93 66 31 -66 23 80 26 -90 33 -46 40 57 -64 -12 -83 -35 34
94
-74 94 -57 -35 -93 16 -10 54 -73 12 89 -96 89 -14 -1 61 -94 -75 -46 -30 62 8 54 -49 87 -77 94 -92 99 95 76 78 42 41 -39 -17 75 -5 -68 66 -24 46 -3 -17 -5 75 -68 -22 85 27 -3 14 45 49 -31 21 -27 -3 35 96 -86 -85 18 65 45 32 -58 -54 90 86 84 -66 30 -11 -84 -2 94 -76 4 16 -54 76 -23 64 -44 87 24 -4 51 31 95 53 73 23
26
-12 -37 11 -18 18 -6 22 -61 82 -31 -42 5 62 63 44 -54 -39 30 -48 -93 -30 60 -33 58 -50 73
29
-4 40 -72 79 -46 40 47 -89 90 7 97 -45 47 71 -92 -96 54 -48 37 -85 -12 -81 -16 -55 -81 -11 -51 40 52
18
-86 -14 41 48 67 -42 1 -99 34 22 -51 16 63 -83 59 -39 -80 78
21
37 -37 89 6 30 64 -88 65 47 -13 78 -82 -100 48 -96 0 6 48 46 8 60
15
8 -11 35 67 44 62 65 -63 12 66 -44 12 -90 78 80
48
38 82 27 25 66 -99 -12 -95 25 -79 5 44 -8 -7 -79 6 -44 -13 46 -35 -15 47 28 10 -77 -42 46 -22 -98 37 60 30 -88 41 67 -51 12 41 -19 50 1 -16 -28 87 89 -77 -15 44
48
43 -81 64 -18 -86 -89 -37 52 -31 -54 21 98 -35 78 -10 93 -36 -19 -60 -29 -24 5 60 76 79 56 -37 -21 -61 -51 -11 -34 -4 -5 21 8 99 21 -81 -21 1 14 -60 -53 90 -3 -1 80
86
39 59 -66 85 86 -42 -11 -77 -9 14 15 -4 -76 -87 -100 60 -11 74 59 24 -79 -95 19 -68 4 12 -64 75 -37 -60 -17 -100 52 -47 34 -83 -82 -60 98 9 53 26 86 -51 -5 -88 -68 2 -66 87 18 87 -44 -64 15 -17 -43 85 99 -19 88 46 97 -44 -37 -14 -52 -2 38 -3 -41 -19 32 48 56 15 75 67 -33 -68 -20 23 -89 -84 -2 12
78
-28 99 -70 -12 56 -40 -79 -51 74 -21 83 45 -68 11 24 75 31 -71 18 80 73 -50 15 -23 92 75 -80 -78 -55 -53 3 10 -75 51 -64 -3 68 65 27 8 92 -11 10 20 -30 33 78 99 -73 -40 -15 -68 -100 -81 0 -79 17 -32 62 52 -97 -21 -73 60 -31 0 -55 -62 86 37 33 -58 -94 -89 -72 -75 -11 11
11
-24 86 4 -39 51 -49 -15 79 29 -69 80
12
-40 -82 -63 -59 37 23 17 14 -90 -84 40 -83
90
94 75 -80 -38 -48 -70 -12 -54 -73 -63 54 -64 46 49 -46 -30 -45 36 37 -35 -4 -76 77 23 50 -93 1 42 34 76 -40 -61 -20 -38 43 -72 -86 1 -85 58 -61 47 -45 -65 -43 -46 -96 75 -24 75 48 -55 -42 74 -80 6 -71 -61 -82 40 29 35 33 25 41 -26 40 37 83 37 -8 -3 -94 -30 17 45 12 71 -85 -87 76 29 -52 22 68 93 79 -18 -88 -3
51
-43 -37 6 41 44 58 -21 73 27 -11 -30 42 -49 40 50 2 29 -50 40 28 -74 -17 -36 -61 -34 57 47 -83 55 51 -58 -6 18 43 9 -13 -2 -44 -37 42 -70 34 46 75 -84 34 -3 -88 -68 -80 11
39
9 -91 -54 48 43 3 -35 -68 36 -39 43 -83 7 22 28 -33 53 -70 27 74 70 91 91 27 48 76 -10 88 -76 -66 49 25 -40 44 -51 -88 10 -5 -42
52
-14 62 -5 85 15 61 6 25 55 -36 62 31 -96 -47 53 -30 22 -68 -49 78 89 -77 -91 20 -35 -8 93 17 -61 32 -91 71 5 4 -68 30 -57 60 24 33 -65 65 64 -14 -57 -59 -29 -73 -65 -99 28 -64
97
64 83 -16 96 55 89 -42 75 -37 4 20 89 -57 49 21 94 -43 21 58 12 13 80 72 9 -8 5 -32 -37 -36 -86 69 -64 -85 -28 18 90 -7 -68 -16 -36 -88 80 -73 -90 32 -34 53 -32 -90 62 28 -29 27 -17 -100 82 81 99 28 -39 -67 -20 33 -29 -8 -42 -20 12 62 -82 52 52 -21 -36 24 57 52 34 -88 24 50 -19 73 52 -89 17 -54 86 -64 95 91 -47 -96 9 4 -14 3
18
-86 47 1 -64 95 1 59 -10 -95 77 20 57 14 -58 33 50 23 -80
84
0 -27 48 65 -9 36 11 54 28 29 66 -8 -14 -76 92 -93 42 33 -92 43 63 -56 11 0 -43 -10 -17 -36 78 86 93 21 -88 86 -66 -41 4 43 7 -6 22 40 -98 -33 42 1 56 78 9 26 -52 -20 10 -17 40 -71 80 -69 0 81 -51 81 85 -31 -86 0 53 -6 -45 45 90 -5 69 38 -30 98 -75 -58 2 -19 -38 -22 54 -30
1
88
46
-57 -75 78 68 94 5 -71 -46 -40 62 15 -54 5 66 -14 59 98 -54 15 -41 -67 61 26 -11 12 -5 -88 -92 -97 6 -21 75 32 -56 -77 -3 35 24 36 8 -81 9 -82 -1 72 -83
45
20 91 86 77 -16 58 -30 64 -59 -24 63 72 -91 32 94 -79 14 62 -96 78 68 46 33 -78 48 -31 -39 -92 58 -48 -14 41 3 -97 50 8 29 -8 -71 -12 -73 11 92 42 48
84
-54 -70 -87 67 48 57 -51 47 -37 54 42 52 4 -73 -49 -64 -63 -60 -46 -15 -39 -99 -23 3 -32 28 -95 -8 -43 4 39 4 71 -19 87 -73 87 5 -60 -89 33 -94 20 -23 47 66 85 -50 72 60 80 -1 -42 -92 -83 37 -87 97 -66 -79 29 91 -77 96 -28 -58 -80 -57 -16 -71 82 -17 52 50 -2 -96 -87 -93 -41 5 -22 70 -35 -17
59
21 -67 -11 49 81 -70 -87 3 29 -18 98 -99 59 8 -52 -64 18 -4 -14 -83 -51 -87 -93 30 86 -52 98 -85 -68 31 9 59 -72 77 2 -4 96 -14 93 -7 95 -69 -24 89 54 6 28 -69 83 36 0 -21 92 -80 43 64 -8 27 -31
57
25 51 -93 -19 96 48 -40 59 56 69 -55 -81 59 -62 -9 54 42 -81 -37 42 -29 27 -2 53 -66 -44 -72 -74 -89 -15 75 74 81 -14 -85 -58 -96 -76 38 16 -44 -12 60 21 -10 44 85 42 -21 57 60 -49 85 63 81 -15 46
10
48 96 31 73 -5 -40 -46 81 67 -26
66
8 -19 75 -90 86 -74 9 -90 -45 51 47 32 -72 40 70 15 -21 -65 -18 -43 -45 -38 -72 -8 72 23 -24 -54 -94 5 -46 87 -91 -17 79 -67 -73 96 -32 -57 95 16 -33 40 -8 -10 36 -79 -24 -31 -94 80 11 -20 -97 -19 -54 55 -62 27 2 29 54 78 59 22
94
-54 98 -25 -12 -49 -30 -18 -63 -81 -91 8 -5 -20 -46 71 -2 -1 -8 31 -61 -77 20 34 -74 -64 98 38 -48 53 56 95 -70 31 -6 60 63 20 -46 14 6 -53 20 -63 4 73 -36 89 -49 -100 -45 -58 96 44 88 43 -1 -61 -93 48 73 -26 -54 -48 3 -40 -87 -59 -83 -31 9 -41 -16 23 -10 -69 -73 -14 -34 8 44 28 79 -93 5 -25 48 33 -37 -4 -24 -86 1 -1 97
88
71 27 79 16 48 76 -33 96 -44 39 77 45 12 -95 61 96 33 -55 -40 1 42 80 -71 76 72 -62 70 38 60 -55 -7 41 37 -55 -15 21 43 -79 15 -93 -97 53 -15 55 0 -91 60 -92 90 32 -91 8 19 32 8 22 -67 -3 32 -14 -89 -37 77 -97 47 -81 49 -36 -86 -11 80 -85 -95 -32 11 76 81 -1 60 54 -48 32 -60 -17 -81 -41 20 34
35
-74 46 35 -38 18 29 35 49 73 -90 38 -61 73 -26 -8 -42 75 21 -79 60 93 30 -91 -58 61 -76 -6 92 -47 38 -20 -34 -97 -79 27
39
-61 -78 9 59 -3 82 -13 24 -31 53 -53 16 -48 -97 9 35 71 38 -28 -34 -17 -17 54 -30 -8 -47 51 -63 -79 -26 60 69 -57 -72 30 60 10 65 35
4
35 -59 -10 25
86
32 9 -29 -40 67 77 -65 -97 17 63 -4 60 -75 53 -71 -81 -69 -44 -24 -57 -23 48 61 -81 2 43 32 7 85 49 -77 2 -39 -32 82 59 10 12 -18 52 52 88 -15 -100 -50 56 -29 -43 16 97 -81 -54 21 11 -3 84 88 63 -63 -47 64 10 73 95 -72 33 -74 -81 96 39 66 -11 -36 -15 -40 97 53 -52 26 83 -44 85 -50 -39 31 40
59
26 64 25 36 89 -29 -96 -60 -7 -84 -80 83 -39 8 54 93 -60 85 0 -81 75 -87 -81 82 40 -13 -77 85 69 38 -53 84 67 73 -28 -26 15 -77 -82 -78 15 -83 70 -87 33 -43 -33 85 -85 66 2 16 6 62 -94 -66 87 -74 -87
79
-19 -53 90 3 -67 98 7 -73 50 -46 -33 54 86 -29 48 54 81 -87 -54 18 79 2 -86 -93 63 4 -48 -77 94 50 32 37 -82 0 -12 -16 -56 -75 29 39 -83 -18 -96 86 18 20 4 -34 15 -16 -61 3 49 -60 -49 23 -77 -32 74 -54 -74 59 5 69 -78 -34 95 53 0 -4 -85 -59 42 -10 -77 27 -37 -80 4
32
-96 21 -16 -92 48 -72 -57 63 -20 -10 48 -44 56 -10 -89 -61 52 6 -97 61 40 8 36 -2 14 -2 -2 -77 34 68 -49 50
95
-72 -79 33 -32 -82 57 -17 78 -59 -5 -26 -79 -24 85 20 93 -77 -95 -19 -73 50 82 -62 68 -49 33 44 -100 -31 37 -12 50 -92 -10 -50 62 89 -64 79 -60 -41 -20 -86 -48 -86 12 -55 -57 -90 50 -13 79 -24 18 -63 -39 -22 -86 -58 6 -17 -42 11 -30 36 -88 48 -88 -46 -46 -34 -85 -60 83 47 10 63 -34 62 29 -43 -72 -90 18 -18 -64 -5 91 -32 -69 66 4 33 92 70
70
-25 -21 83 -15 82 28 -21 45 8 -44 87 9 -82 -88 -88 42 -70 -43 -83 48 -56 -84 77 80 42 39 97 -26 -93 -42 77 -24 -82 -86 2 23 -89 34 2 9 50 36 -40 -49 -32 -54 -77 92 -99 -80 -67 30 66 6 -31 14 24 56 5 16 92 -14 -83 -31 80 23 6 -19 58 -20
43
78 75 85 21 -99 -52 -77 -48 -65 71 -97 89 -79 65 20 -88 8 -3 8 -89 -6 -25 -67 64 82 -61 19 16 46 -43 -78 -21 -15 -40 1 64 -91 40 -60 20 -83 85 92
89
15 -36 -73 -97 -34 -23 41 -87 57 21 80 85 -97 -82 -65 84 -99 -98 55 -71 -9 -19 47 93 59 99 51 14 65 -51 -92 -98 40 42 45 -16 -91 -26 29 57 -65 24 24 -60 84 13 1 30 -45 23 89 16 -26 87 -87 -93 67 -31 -77 -98 -29 -54 9 34 54 37 -39 53 93 14 19 -19 29 15 -57 76 -34 -39 92 -21 -61 23 81 -9 -53 -36 94 94 42
68
47 -77 8 73 -40 -12 -92 39 -55 60 81 89 -64 -85 49 2 39 -88 63 -5 -19 66 -77 -3 -27 13 -13 -30 52 -60 69 -40 -36 -59 -91 -7 -53 -67 -64 27 -12 -24 13 39 -79 -38 56 -12 -100 -33 -41 9 -10 -31 16 97 17 -85 48 -31 5 -2 -23 51 16 67 -77 68
95
-51 -35 -52 -68 -75 -6 65 5 -99 51 48 12 -89 -96 37 93 24 15 23 -38 93 -2 -85 -77 -8 41 -79 -18 25 71 93 79 27 97 -76 83 -36 -89 -44 41 -77 -48 82 44 -46 -31 -12 -17 -91 -55 19 91 -98 -48 -33 -80 -56 -59 38 37 -29 85 90 -26 94 -15 4 93 14 -38 -43 -17 22 72 96 15 -23 -80 41 83 -75 7 49 8 52 49 88 -82 10 66 59 -26 -78 2 -37
6
-50 -1 -61 5 17 87
