100
53
54 -11 87 97 -53 1 96 -15 63 44 51 -23 25 -77 -16 30 -84 -92 3 8 2 -78 -86 24 -92 41 85 1 42 80 29 88 35 -1 -47 95 84 41 -43 23 -4 75 -2 48 74 -82 84 59 -69 63 53 -58 -53
76
8 55 64 -7 79 16 44 -48 -15 -59 49 83 25 -47 -91 -42 94 -91 26 48 -1 -2 55 25 80 -97 -82 58 41 -28 41 -43 -57 77 12 77 16 -40 52 33 -80 38 -81 41 61 86 2 92 -21 36 61 -77 24 35 -86 69 -30 -97 42 48 49 78 -91 -4 44 45 -68 15 16 -43 -36 95 70 -16 -74 -48
94
-87 -47 18 -77 88 -70 -23 -92 92 -57 -79 72 -98 -92 61 54 43 -50 67 37 -59 91 75 -86 -66 31 -20 -31 72 -17 90 -6 -41 -50 -32 73 94 54 81 10 -35 29 1 9 80 71 87 -3 37 11 25 3 67 69 -39 -26 -99 -74 49 54 -75 -28 -57 37 -100 -62 -66 -57 89 -51 62 -86 5 70 27 72 32 -22 -15 -34 -49 49 15 96 -22 39 47 -50 -78 16 5 -83 76 16
21
11 79 -34 -57 75 49 -53 -60 46 71 -86 71 -96 71 25 91 -39 -55 -24 -39 93
69
-22 -21 -95 39 30 -63 74 89 -57 -25 -24 95 52 92 50 -88 -96 -67 41 -12 33 -50 95 -34 -26 -6 -31 -49 -70 -11 4 -49 24 80 -6 -1 91 87 -95 17 71 -77 -86 -2 -7 -60 71 -11 -87 81 60 -35 32 54 23 -40 17 25 -50 78 -66 5 -99 56 3 -73 -63 15 -79
55
38 -16 -17 -22 -27 86 9 -13 -35 3 -71 -75 50 98 -33 99 17 1 4 -25 -85 -89 77 56 97 -22 -91 67 -83 -9 52 94 -48 46 -32 -73 74 74 -93 71 94 -70 -43 -6 40 -87 86 66 64 1 52 73 -17 61 -49
31
10 -41 -23 -98 -61 32 56 -66 1 10 -25 -60 24 -96 -16 34 44 11 -72 5 -52 -29 -71 63 56 70 64 58 -77 0 46
25
-39 -14 -91 82 -76 88 -100 -44 -64 20 78 -8 23 -43 54 1 -78 64 4 -49 54 -19 -99 41 84
40
-71 -91 -11 24 -19 -77 5 19 88 40 28 61 -94 -93 11 98 63 -5 27 49 29 -87 0 -10 -30 -37 90 -8 -64 74 31 40 -31 80 8 -87 -76 -1 -66 -37
94
68 -47 3 -19 -42 93 38 65 -17 39 77 66 97 16 -34 60 16 -76 -63 89 7 -79 33 -8 57 80 59 78 80 -98 89 -19 3 19 -71 27 -17 87 91 17 -68 84 -59 -84 3 32 47 80 19 -37 -28 2 -45 66 -39 -34 -95 -79 -78 -70 5 -31 -36 15 37 58 91 -38 -49 97 37 53 -98 -24 76 35 90 66 -92 -11 -75 -97 -98 41 86 -95 7 -99 -40 -27 -68 72 83 19
76
-54 18 71 77 14 -43 -58 -83 -4 -21 35 -6 37 -43 91 -10 73 -30 -60 51 22 -16 -64 13 -83 -27 -87 37 84 62 -98 -45 -35 -58 60 45 99 37 -59 -44 19 -72 70 -38 20 46 55 -88 -40 -4 -51 -66 -16 -3 -38 -13 -35 -26 88 36 -43 46 18 -15 14 -64 51 -41 -36 -4 7 -18 -9 -79 35 3
67
12 56 -32 -79 -40 19 45 -18 38 69 13 -39 52 -75 -12 -50 93 6 -75 95 98 -7 -100 30 54 -51 -61 0 26 65 -72 62 71 38 -52 -88 5 22 -61 16 27 32 83 57 95 -33 -73 -31 -34 -27 29 81 -18 19 -97 71 -3 -81 -5 55 -23 20 -72 -12 0 -74 61
19
-97 -56 -24 49 22 97 49 68 34 -54 24 -4 -64 4 53 31 93 -49 16
96
2 52 -76 61 74 98 66 -30 55 -66 46 -57 70 -97 68 -88 72 -68 -100 33 -33 23 -2 50 79 -80 71 -4 14 48 14 49 -42 -86 84 -66 21 -15 -70 11 -51 98 -65 31 95 22 14 -86 24 -48 43 -79 -60 -70 -44 -52 44 -51 33 20 69 77 -69 52 -47 87 -2 -47 85 -77 57 48 -81 -24 -2 -65 4 28 -86 -15 -7 30 -81 70 32 18 69 73 9 -88 40 -90 7 -29 80 -44
65
75 79 -22 -7 -62 77 -64 -19 84 -34 52 42 -77 34 86 -10 -80 37 21 -97 62 -14 60 67 62 -19 73 31 -34 -54 -35 -21 -1 -62 -51 88 27 -17 89 6 -10 4 -15 -64 65 49 -53 90 38 96 -7 -48 -49 50 -53 55 -88 -50 -59 -73 -23 -43 44 22 -40
21
-69 52 -83 82 62 -11 -99 24 -45 -46 73 47 -64 -34 -87 18 -28 -99 -83 36 96
48
65 41 -6 24 57 59 76 75 -80 33 -57 99 4 31 -40 66 32 75 50 26 -42 14 -52 -30 -8 -6 16 -95 -91 -89 19 -28 -72 50 -64 -35 10 45 -53 81 -26 -39 -75 83 78 37 -16 9
74
34 -55 77 -66 38 9 53 21 -73 41 40 -2 92 -25 86 -15 19 -16 49 62 10 68 10 -38 58 69 29 81 53 -27 68 12 -69 -63 93 21 -49 -4 -44 -14 -97 78 6 43 -57 -71 -13 -60 20 -42 69 49 80 -86 -93 -19 -78 -64 -25 -82 -79 -95 8 -39 -87 10 18 -59 -39 -47 71 92 77 -87
64
69 -30 -37 37 -97 -22 46 -32 -17 88 78 72 62 31 99 -65 22 -11 -71 50 52 7 57 45 -1 -50 -49 -55 -9 -2 0 31 -26 88 -81 -4 -61 -3 32 -71 82 31 -33 -63 88 -96 -82 64 -27 69 21 99 -4 9 89 -7 -93 75 34 -11 89 62 19 88
90
67 14 -79 -81 25 -73 54 28 78 -61 -91 39 -20 78 -20 85 -16 -64 24 -67 -45 -36 -71 93 2 -67 -55 -44 14 -1 -14 -79 71 -4 35 -73 81 -39 -90 96 8 84 -8 1 26 -30 99 33 56 50 -7 -25 -39 39 -20 67 6 -51 -99 -68 -3 -20 -41 56 -65 -63 60 40 -45 74 -47 -29 -39 -4 83 -36 19 -43 98 -71 78 16 -26 6 22 -54 -21 -69 3 7
64
-86 -64 -30 69 -96 71 50 60 -98 40 -14 -85 41 -4 29 83 -78 54 93 61 -85 -5 5 -6 24 94 32 32 -14 77 86 25 -38 -70 -24 23 41 -64 -22 17 36 97 15 22 46 -84 10 10 31 3 -44 -14 -38 -31 -75 -22 -99 -80 83 -48 -69 44 -41 70
10
50 82 -63 -72 -73 29 -5 78 12 7
4
50 -6 32 -27
67
-98 62 -9 -27 47 -5 29 67 -24 80 6 82 73 10 -11 50 40 13 16 49 -24 56 -29 -91 11 -35 52 7 21 -83 53 62 -2 -38 25 -88 -35 -80 84 -35 -98 31 55 -94 53 -4 44 69 -78 -67 -20 -43 -95 -91 -42 -6 -95 4 72 39 64 97 -72 20 77 93 -87
14
11 -89 10 68 70 29 83 86 -83 -37 28 -10 60 85
34
-32 -69 -99 -37 -84 -30 96 -2 6 -89 12 25 92 97 -68 53 -94 1 84 -91 86 -6 -40 -72 -78 11 -3 30 87 97 39 -28 41 66
70
-67 -59 2 -20 -76 -71 -61 -3 65 -86 93 38 -52 -61 -91 -11 -94 4 62 -49 -78 13 -51 22 -21 18 60 86 67 93 3 13 83 -77 57 82 -76 -10 -31 -66 -59 -12 -58 99 94 -95 -55 47 -75 27 75 -65 93 -45 -89 -53 -51 82 -71 23 -77 -23 70 -72 97 37 -61 -26 84 -76
93
35 20 -9 -93 -11 -7 70 -73 18 -88 93 -24 68 -42 -44 -39 -23 -54 -99 -49 -81 -79 -92 22 -38 42 68 6 38 -32 0 -10 6 -84 -66 10 71 54 36 60 -89 86 87 31 -79 -62 33 16 -5 -70 -6 11 -32 67 -55 33 -36 -13 36 -42 -47 -24 38 -29 59 -47 21 -62 -44 -65 77 21 -6 36 -62 -63 -16 94 -3 67 -99 67 -17 37 -31 -80 -92 -40 59 17 2 -3 -6
42
-46 -3 20 85 44 48 -32 36 -16 -90 20 -38 59 -47 9 14 -31 -77 24 -85 -11 42 43 36 70 59 -44 80 -27 -94 -9 -98 79 -31 -62 94 8 -22 90 79 -52 -5
59
-26 93 46 -82 -19 34 72 5 35 8 50 -96 -69 68 63 12 -11 45 59 70 -8 16 -28 -94 -73 32 43 -84 -2 -90 34 -66 38 -45 2 -74 -72 -47 -90 -45 53 -85 -89 -84 -34 0 -98 -80 -23 -67 85 80 87 -79 -2 90 -68 -8 65
81
-10 -9 41 -99 -53 12 -68 -83 93 -79 -27 -81 -88 -58 -47 55 -45 -86 57 56 12 -98 88 91 88 22 -19 12 88 -24 81 26 79 88 -33 94 -100 -97 58 22 52 -15 21 -9 -71 -58 -87 71 -100 -67 -10 -24 97 -48 83 25 -88 7 -53 39 -66 1 5 91 74 47 56 8 27 37 76 5 -48 -58 -10 -68 58 -10 57 62 -86
96
57 49 26 95 87 -9 -4 -61 -94 17 -51 70 21 -45 -42 -55 -76 20 99 -57 8 -66 -18 -24 20 -51 -93 11 -44 -3 6 -54 -75 6 -97 78 42 44 -99 54 -56 14 -61 -72 10 -68 -98 -45 -75 2 -86 54 -81 76 18 29 -41 39 -55 4 89 65 58 52 -66 76 -48 -71 63 18 69 66 25 -53 -49 32 -4 -40 23 19 90 -21 48 -51 -80 24 -75 96 80 -89 22 52 97 -56 72 67
63
-11 60 57 15 -64 -42 -99 84 -16 69 -60 -10 48 73 -17 58 -25 -61 -37 -14 75 -59 72 66 44 -1 -42 72 37 51 -30 17 41 55 13 -84 -34 -34 -83 -2 -18 79 -64 69 -16 58 -37 -42 -64 81 29 5 -75 65 -50 -21 -82 49 -17 -46 -74 61 -91
90
-10 23 -82 -19 39 18 -37 71 -56 1 49 -73 84 -68 -53 16 59 65 -93 21 26 -90 18 -16 9 8 66 -84 -1 -26 53 10 -1 -39 8 -40 -15 43 -60 31 -21 -42 -27 -42 37 39 7 74 -39 35 -35 -66 94 -3 10 -74 -98 -50 -32 -83 -26 -42 65 35 30 76 -19 39 32 -81 -83 -4 -60 93 -71 15 64 -89 -35 -50 57 -85 73 23 -84 12 48 -4 14 -23
69
2 70 68 21 82 -48 9 -72 59 -83 -31 -47 92 -87 87 17 73 92 -96 -35 56 60 -92 44 80 87 60 -15 32 -96 -100 39 23 2 -20 99 72 -85 -30 30 77 -15 80 18 27 58 33 -56 53 -18 -94 -76 83 49 66 29 35 50 96 -83 -1 -63 -2 -73 50 -41 -91 -72 38
55
16 31 -63 -6 50 3 -96 54 9 8 -23 -35 86 97 -83 -72 33 12 76 52 94 36 -97 -82 -100 60 -59 70 44 -8 62 12 17 -23 -14 -44 78 16 -44 27 -26 -88 88 98 -94 -10 51 31 92 -78 75 -28 -80 55 -68
12
78 56 34 -93 -86 -66 96 0 70 47 27 -50
44
-47 13 -6 -32 -10 -18 -100 53 -83 25 -13 88 -30 60 11 4 -16 -79 -57 -27 27 45 84 88 62 77 -44 86 49 6 85 53 -46 -39 -22 62 50 -40 57 7 13 -21 -26 13
34
-33 12 6 -73 -64 -33 83 -87 -61 57 -17 53 92 -100 -30 13 92 59 -13 -28 99 46 54 -9 57 -38 81 16 -16 -54 72 -13 -87 -50
4
-76 12 46 -84
32
44 50 -39 40 -19 13 39 24 64 -38 -37 -53 60 -56 -43 -41 18 80 48 -58 -64 14 56 -72 -88 83 48 58 54 -91 94 7
37
-8 -92 99 -96 36 87 -35 -4 -18 -63 -16 -50 -35 16 43 -25 -21 70 49 -99 29 -62 46 -93 7 66 3 -57 -24 9 -86 77 15 -47 -31 2 37
56
-10 -60 85 26 -43 48 58 29 91 -32 -17 -99 -47 -76 -82 -26 40 -46 -96 -73 9 -45 70 -91 -13 -68 -35 44 17 -35 -97 4 -67 -18 -38 66 45 82 -88 -38 14 -88 9 26 -63 -48 69 -86 -53 20 79 26 39 62 6 -36
96
82 79 -51 82 -40 -25 -42 -73 -55 -2 -38 -89 3 -31 10 -38 -87 -12 29 -77 68 -69 -98 8 71 17 -42 -4 -3 -38 9 -38 -38 -62 -16 -61 -44 -100 78 -60 74 -44 67 98 72 -74 -98 79 -83 28 82 -29 3 17 42 -92 -23 -24 -47 14 -16 82 -83 58 54 -43 -17 59 41 10 27 -70 -51 58 -17 -86 -95 11 81 -39 -67 55 -78 -71 -100 36 -14 -88 65 50 67 75 24 56 -34 -21
26
-30 65 45 49 -16 -38 28 -48 -40 57 47 45 83 71 15 -41 26 90 -33 29 47 -10 -4 -5 -10 -45
93
-10 4 52 -54 69 -67 -87 -75 72 14 65 -86 -53 42 10 -68 -18 45 72 51 77 -51 2 -3 -7 56 39 59 -45 -67 74 -99 -96 -67 34 24 -87 -39 84 61 83 -89 -43 -88 -53 81 88 -97 -14 -96 27 5 73 72 20 85 29 48 -9 -48 -89 -74 25 -76 24 -63 28 68 8 51 -67 82 -89 -68 42 89 -87 52 -41 -25 19 46 -73 47 75 32 -30 -6 16 60 -4 -53 -11
70
84 72 -82 16 -65 2 77 -85 -63 15 -27 7 35 -65 96 17 78 -74 -59 79 -7 56 -11 -49 56 -47 -54 -45 -62 47 -41 55 67 -63 -71 -59 89 1 32 -14 68 -55 93 94 -87 -54 -48 -35 -87 89 1 60 -79 -60 84 67 -99 49 -67 64 4 16 -11 13 62 -26 -43 59 66 32
77
-62 -85 -18 -43 -37 -88 63 -2 65 -35 18 -90 -82 50 25 -40 23 0 56 14 -47 4 7 42 31 -82 -35 -85 -79 -3 19 -60 -8 -19 -57 8 14 53 -51 -58 -54 50 16 6 -24 27 30 -13 -30 28 40 -72 -85 -65 -83 -43 -69 66 -9 72 -5 93 -2 -7 93 54 -86 43 19 -5 24 30 98 75 3 -19 -53
97
87 -51 -66 -26 -54 -70 -89 52 -42 -1 29 46 -71 94 -29 -33 -17 34 -100 37 72 -84 18 -2 31 -90 3 76 -4 57 -8 -63 98 -34 -47 -2 -61 88 37 -6 -51 -96 61 80 -83 -97 58 83 -44 -84 -23 82 5 -45 -52 74 -73 -5 -93 -35 -11 -58 -88 96 22 11 -89 42 -62 -8 62 63 -32 -29 74 -52 15 -68 -38 -35 -51 64 41 83 -96 -89 42 -75 75 51 8 79 -84 78 4 -29 -26
18
75 48 71 88 -12 61 11 87 -86 -5 -99 -45 86 -45 93 57 11 -81
90
10 54 6 -29 2 32 85 -23 -49 17 29 -22 24 -37 -44 -64 -14 34 49 -11 52 -27 -39 69 -81 -39 50 72 63 -42 57 77 -11 -69 -28 -18 -88 61 81 -82 -44 -71 -7 -15 -51 15 -55 -23 -58 -67 3 43 37 -46 73 25 -74 12 -80 -88 -27 23 -92 -83 2 -29 -68 -37 94 10 60 -85 -34 26 -54 -9 -18 10 76 43 -78 62 -67 -66 57 3 3 7 91 -88
18
79 57 -75 42 8 66 23 -23 26 -40 -9 -56 -78 -26 -6 94 -6 -94
75
-95 35 -7 -10 83 -39 46 -58 -86 -47 -44 -31 -17 30 85 -9 -67 15 -52 -64 -80 -58 73 -55 -59 -63 13 24 8 12 -93 69 -4 60 94 65 33 -17 70 -5 98 53 -16 14 -81 81 52 -87 83 -9 61 32 -3 -72 -4 -17 80 59 -47 -77 -95 77 56 -44 22 9 7 -61 87 40 87 50 58 11 -98
84
39 -73 39 54 20 59 -27 -45 47 -75 -76 94 59 49 76 -57 -39 83 -48 26 89 -25 84 -43 -60 49 -1 40 98 -81 13 -6 -23 -22 27 80 -1 43 -50 85 52 12 36 -80 -87 -1 -47 26 79 89 -36 -8 1 -57 77 52 71 -17 67 -23 84 30 -87 -43 78 -17 -57 -23 74 -77 85 -47 41 16 66 -43 -85 88 -24 52 -35 61 99 -22
52
52 67 35 43 82 -39 -36 -65 -6 -8 97 29 -58 42 61 41 12 47 -42 23 -80 -34 55 -22 -99 4 27 -91 -26 -4 37 -49 72 -46 -12 -97 -3 -92 30 6 -26 21 72 27 17 -39 -16 -55 -10 86 -7 40
62
-12 -32 64 11 -69 -67 -98 5 68 92 43 46 24 -66 1 55 -67 38 16 -50 -18 1 33 -67 -94 -5 20 66 98 98 -28 63 -100 -99 98 77 -42 38 -98 -84 51 -44 32 -8 6 67 -13 -71 40 17 -89 52 -91 -9 98 60 -95 -25 -48 22 -58 -1
56
-77 -2 -90 53 70 45 57 -14 23 37 48 97 -54 97 -96 -55 75 71 24 60 73 -55 -13 -89 -65 67 7 -74 60 66 23 89 21 78 -37 -22 45 30 16 -47 32 -43 37 -21 80 91 80 -39 87 -47 -100 67 -90 -67 60 -53
25
20 38 64 22 -78 -11 35 -89 -95 69 -84 -2 -43 86 87 -31 -52 9 11 24 14 -43 64 -29 -12
66
-29 89 -58 -40 13 19 -7 27 -66 19 41 79 69 41 -30 -16 89 -7 20 -17 -75 -82 -55 -55 -23 77 -51 -80 -15 -20 -4 -24 -54 -13 14 39 22 95 -6 -74 -63 -49 -5 -80 1 -18 90 -57 90 32 64 -49 -13 -47 59 97 59 -43 2 -97 53 -22 23 19 -32 -48
1
-52
84
-33 -26 -7 -52 95 -97 -97 13 -66 83 -32 -92 -19 -49 23 -22 -54 -2 40 -66 98 22 -77 56 -61 -31 -66 -31 63 35 -36 -42 -84 47 92 97 -88 -13 -93 -86 -2 95 -27 -24 28 27 49 -45 64 -39 -71 86 29 72 -94 92 -91 -64 -38 -91 -42 -3 -6 65 82 -94 90 26 57 90 -52 -38 57 17 -30 49 -19 -23 57 26 38 85 -44 94
26
-76 40 33 47 -81 17 61 -30 20 13 -22 59 70 -7 78 -58 25 -68 -74 32 -68 -80 -8 -25 -22 80
86
-33 -62 -63 45 -54 31 -100 13 56 -14 68 -14 -73 56 -70 -15 88 -16 10 -77 -49 -93 63 -66 79 -15 7 -51 -74 -93 -18 65 -45 57 -18 -71 -20 -88 -10 8 -88 -93 37 4 -28 -98 19 -1 51 26 7 -9 41 39 -99 78 43 -34 0 -64 -31 6 31 -42 45 -78 -99 92 -16 -54 85 -57 45 57 -19 -92 84 -66 -29 50 -37 65 27 -4 24 -20
93
88 -22 -67 -29 22 49 8 21 31 -32 54 42 83 -74 34 -60 -49 76 43 73 -28 32 -30 91 -47 -88 12 -6 99 9 -26 -14 -27 -63 95 62 41 26 -54 -19 62 -71 -51 -18 76 -75 -95 -91 1 8 -20 -99 93 -1 44 -17 -97 82 -81 80 -56 38 80 -32 45 -86 47 48 -97 -36 -84 -60 -89 2 12 -50 -34 42 16 -45 28 16 -92 -97 -94 -63 49 96 -33 83 -98 22 47
98
27 -11 40 -64 -91 -86 96 0 -3 -35 13 -89 82 73 97 42 -69 87 -75 -37 78 37 -78 27 -4 -4 30 2 44 -41 70 -51 8 35 81 -63 -50 77 3 67 40 -17 -28 -36 52 -22 60 41 -17 9 -94 35 96 47 -36 -20 36 7 -77 16 -23 -15 -60 -27 6 28 -60 47 91 -78 -62 -45 45 -35 -57 86 89 -76 -61 63 -58 59 26 -7 -92 94 94 29 -14 70 63 32 -34 -72 -3 -67 98 -74
14
23 21 80 -19 25 65 -91 -89 -84 -14 38 49 50 -100
17
-35 -64 -53 -96 -4 34 25 -42 -11 44 -80 -64 13 -71 63 26 -29
12
-80 -10 42 -9 -76 -22 -35 -75 -8 -97 -21 -25
85
-76 55 87 -46 -87 82 26 45 -97 -5 35 -20 9 52 54 -69 83 -32 27 -84 -15 84 67 -90 11 -85 -4 -13 -57 47 -53 75 9 -19 74 49 1 -78 -70 4 -29 40 -49 -54 -2 -45 -29 0 1 -79 72 14 1 -20 99 -91 -55 -55 10 26 88 -81 -2 -37 14 -99 63 58 -53 -60 30 -40 -63 22 2 -58 79 -85 37 -13 -33 70 91 95 -12
98
25 39 -11 -99 -53 31 16 77 14 27 90 13 68 -9 44 32 -72 -17 -33 -77 -74 -35 61 -24 45 -94 -19 54 16 -21 -13 -1 -70 54 38 -54 -43 56 63 4 3 10 -68 -50 49 -50 -85 -92 68 20 -90 52 -94 20 -58 97 41 26 -23 36 -8 -18 -69 -43 -10 -87 -31 -55 -79 -24 -65 65 37 -7 -22 9 -67 38 93 -66 56 -89 1 3 5 40 -83 91 41 71 25 22 -53 32 -67 -41 -86 54
79
11 55 -52 -21 7 -78 2 -62 -10 82 69 35 68 14 -94 -6 79 -96 -65 -3 -66 -54 -27 97 88 86 62 -99 75 -77 -88 59 0 66 84 23 32 -72 54 -10 18 -18 52 64 40 76 35 -75 -55 -86 8 20 -95 -57 -9 -70 93 -56 -26 -87 -74 58 80 -45 -61 -16 -93 -13 -25 63 -6 -32 -8 -92 90 15 -90 -27 77
86
47 -82 80 49 -54 -14 49 23 -27 -76 74 -22 -75 -69 54 7 90 -60 88 -98 -59 -25 -64 -46 27 -79 89 10 -95 21 -48 -73 40 70 -52 92 -21 -17 58 30 -82 92 81 76 -81 -56 -91 -54 -61 -11 -72 72 13 -43 -42 -42 20 -98 -28 18 -3 -75 98 23 -94 -10 10 15 -36 30 59 -38 -90 37 -17 -54 -40 -74 -39 27 22 -59 -97 -75 94 -15
72
-80 -39 -85 -90 -77 36 -76 18 55 -80 36 -75 73 -93 54 -69 1 -48 -98 -51 -21 -70 -11 -30 59 -79 -38 58 46 -64 92 6 -20 21 -2 81 36 63 20 -69 95 -24 42 -63 70 -86 71 57 41 -3 -2 23 67 -97 48 18 28 55 77 -54 -55 -89 -36 74 -68 33 -65 -33 73 85 80 74
71
40 -57 89 -74 -95 -28 -20 -30 -1 6 30 28 -3 -52 80 -17 -45 91 -86 -34 -83 -8 20 31 -46 -18 -84 52 -73 -2 -86 -15 -31 -94 33 34 -30 99 -47 84 47 31 -85 97 25 17 66 -61 -63 71 81 -96 -4 47 1 21 58 -10 -17 99 98 -31 12 53 -9 -5 -55 -68 -26 -77 -7
1
-86
99
22 -31 -30 83 -37 67 -8 25 26 -69 96 -54 36 -83 -69 91 -87 -83 -36 -56 -98 -42 -38 -81 -90 -32 58 -31 -43 -5 -96 -21 -75 56 68 -1 11 10 1 -2 73 -8 39 -1 54 93 -94 31 -76 48 59 -70 58 -15 -17 90 53 49 73 -2 98 16 -32 -40 -38 -27 1 -9 73 -6 -69 41 98 -51 -3 -90 -60 5 6 -81 16 28 20 22 34 -99 67 6 -58 84 -68 -24 10 -7 73 54 -17 25 -79
51
25 24 -10 17 40 52 20 -52 65 -28 76 -77 -87 -68 -2 -32 -47 -71 -69 61 46 63 -77 11 -8 26 -47 -33 -88 -56 17 -21 59 -72 -78 31 -65 -100 -28 -81 -69 4 43 68 26 -3 -80 -95 -8 87 17
76
-96 91 40 -8 -49 -15 14 29 -63 51 -53 62 80 -19 57 8 -41 53 -28 -43 28 36 -47 -57 94 -32 -40 53 -59 47 -28 36 35 -8 -36 -33 6 -70 -6 -41 77 -91 94 49 31 -13 11 76 -35 76 93 76 -55 -44 72 96 9 -34 -8 47 -47 -61 37 83 12 -8 -48 -44 -33 -9 -68 80 -10 41 80 -60
56
-75 97 -92 40 -21 43 33 -93 -48 -57 -65 6 66 -19 89 -39 -5 13 -56 -61 -94 15 98 80 14 94 -36 -48 -82 -73 22 35 -8 27 -65 -70 -28 -50 -89 80 46 -32 30 5 8 -55 33 26 -71 98 -63 57 -48 19 -95 13
40
64 -67 -1 40 -86 -62 9 -27 -97 6 -18 0 -3 -100 46 -1 -72 47 -88 14 -64 -27 46 -63 87 -94 -40 60 30 -76 -17 -49 -32 20 57 60 -95 -65 99 52
71
-85 -18 98 35 91 -33 56 -56 -15 -71 -81 47 -61 -75 86 -3 30 -32 -67 83 -8 75 69 -34 64 -80 66 93 20 -83 -32 -96 7 -3 30 -66 90 -90 -23 60 -1 88 51 -14 62 -23 66 42 72 -9 -82 -18 -43 34 1 -47 67 -36 78 -79 95 20 97 -84 75 46 -37 9 -54 28 45
28
-98 -25 -30 24 77 6 -22 -76 -57 94 -22 53 12 -22 -92 76 38 99 94 -83 -89 11 21 65 -52 23 95 -69
1
-32
39
-51 8 92 -22 88 90 -42 37 -74 23 58 91 -61 29 82 -14 52 -67 -46 51 -41 -35 11 11 -90 19 -95 -92 -96 -56 32 64 -24 -36 -56 63 -6 0 -88
18
97 36 -68 -94 -71 9 3 -33 -2 34 -9 92 39 74 85 -57 35 -30
88
30 -35 54 -93 -56 17 -61 63 15 0 -90 -40 -46 -52 64 39 -41 64 -86 81 45 -37 34 84 -91 17 -39 -12 -96 -69 47 45 86 -11 6 61 22 -99 12 -46 2 -35 -20 -55 -37 84 57 75 53 -71 -41 22 35 91 73 29 -88 69 75 77 34 44 -63 18 62 -81 -68 86 -51 -32 18 -1 -18 33 -15 40 -54 -50 -14 72 83 32 0 57 -32 -83 84 -11
12
26 -6 82 -24 5 26 -86 28 32 -4 18 7
56
11 64 57 29 9 -16 96 -51 -40 65 10 -79 -97 10 -45 -60 43 -11 -58 -99 -75 -58 -11 -89 73 32 73 -63 -66 11 72 66 -99 85 80 -64 21 -34 -19 -71 -10 3 -28 -22 38 11 -4 -70 94 34 98 18 -9 -47 -71 -37
77
-80 89 -49 13 -100 -30 -66 -3 44 -44 -56 81 -4 -11 84 55 -27 -78 0 -23 -15 79 -64 -37 54 -83 -9 -9 -34 -48 -47 -75 -6 80 76 82 -44 69 -63 34 -49 98 -31 -57 54 -99 16 -24 16 79 63 -97 -53 -24 -23 60 60 -52 28 -90 20 -1 0 39 -39 -68 -20 87 85 -60 0 -67 -32 -3 -96 34 -46
44
-63 -14 -16 92 94 -30 -56 15 -13 -3 83 -55 -56 5 -32 34 -100 54 -76 3 67 21 -9 -74 99 -20 6 -27 -22 -67 52 65 -63 75 59 -93 26 74 -89 -96 70 92 -30 -44
32
-64 -97 94 -18 91 -87 -6 -69 34 -27 -74 -55 -56 -80 -35 -57 -97 -29 -25 99 -56 -42 -27 69 80 79 40 -68 -71 -35 -34 42
93
-46 -39 -66 -7 9 21 -70 -59 -41 15 -8 -16 -93 83 -80 -72 79 -70 -59 36 -60 15 -9 -26 -55 -48 -55 66 -27 -80 -36 67 -34 2 23 19 -17 -78 89 22 -73 -17 -31 -94 20 1 -77 70 -52 -32 14 29 27 91 74 23 39 -33 -62 -20 75 -29 -83 -49 -23 34 -38 -85 -83 55 26 -7 52 -94 -19 -36 -75 54 -43 18 -28 -11 75 0 -68 14 44 -59 -10 -40 54 6 -3
38
37 91 59 3 37 74 11 34 -92 20 -79 71 -66 11 96 -46 -71 -28 -66 1 -23 -20 95 -59 96 -67 -94 -100 57 13 -58 98 -12 -96 -69 -99 83 -95
95
-40 -97 21 15 27 85 -47 -24 -22 35 -98 65 56 -98 -44 96 8 10 35 -15 -89 -83 -71 -10 66 72 -60 21 -98 -88 -12 35 -81 -59 36 32 96 35 3 -68 25 -3 28 -82 26 56 43 23 66 19 -85 59 -53 -68 -88 59 -20 3 -85 -100 -54 -66 -99 89 -57 -94 -66 -15 -24 51 42 -32 72 46 -90 -91 -45 -47 -61 9 -56 -49 -18 61 -58 -6 75 17 -13 -51 80 57 13 -92 4
99
60 -31 78 64 -64 97 -61 88 91 51 -29 24 43 -21 -67 29 73 19 66 -79 13 -55 -8 -88 -27 26 23 46 -61 -9 -55 1 -88 56 -17 59 -82 -26 -45 97 69 98 83 26 73 24 -45 -45 36 59 75 -84 -48 -71 69 27 -88 8 -53 90 -94 48 -52 70 -73 -35 -63 72 -7 23 -6 -32 30 -1 69 -30 -60 10 -60 90 -57 -24 -97 -80 37 -44 -16 -31 -93 68 82 -63 -35 -30 -19 43 -63 47 4
20
77 -74 -11 -21 -82 -86 99 -48 -73 27 -54 -39 -18 87 -35 -14 46 -1 66 62
24
75 -17 -50 34 -9 59 27 27 -55 -34 94 7 12 -71 -37 95 -3 53 90 88 37 1 9 13
57
-36 66 33 62 -84 90 51 36 28 -99 -57 -5 -46 -87 47 -11 30 68 81 -57 39 -10 34 37 -61 -76 -91 81 53 96 -38 68 -37 87 -83 7 83 -19 -27 -40 -89 -5 -64 -13 -49 -16 59 95 79 -37 1 -66 -74 -90 -13 -60 46
62
85 -30 -89 -91 -54 78 88 77 39 -23 -29 7 45 -8 43 74 43 85 -79 -35 91 11 98 -49 -52 -65 77 -62 -15 76 57 -74 -71 33 86 78 60 -10 -63 34 6 -17 17 -88 -86 -56 -18 14 -7 3 7 15 -83 -78 92 -99 60 43 77 -94 94 -46
67
45 -2 -47 -11 33 -72 -48 34 92 47 34 -99 -34 -50 -56 -74 -48 48 -88 20 -75 -72 -54 36 -48 4 4 65 87 2 7 6 83 33 -43 -11 -95 -19 84 6 16 -60 -100 85 3 -34 2 -80 -69 9 -7 4 -58 42 -72 -32 5 -83 17 2 71 -58 86 35 12 16 55
